0.961 0.831 0.89
0.902 0.831 0.961
0.831 0.961 0.902
0.902 0.984 0.808
0.439 0.647 0.98
1.000 0.463 0.463
0.984 0.808 0.902
1.0 0.60 0.58
0.60 0.58 1.0
0.463 1 0.463
1 0.463 1.0
0.773 0.992 0.992
0.961 0.831 0.89
0.902 0.831 0.961
0.831 0.961 0.902
0.902 0.984 0.808
0.439 0.647 0.98
1.000 0.463 0.463
0.984 0.808 0.902
1.0 0.60 0.58
1.000 0.463 0.463
0.984 0.808 0.902
1.0 0.60 0.58
0.60 0.58 1.0
0.463 1 0.463
1 0.463 1.0
0.773 0.992 0.992
0.961 0.831 0.89
0.902 0.831 0.961
0.831 0.961 0.902
0.902 0.984 0.808
0.439 0.647 0.98
1.000 0.463 0.463
0.984 0.808 0.902
1.0 0.60 0.58
0.60 0.58 1.0
0.463 1 0.463
1 0.463 1.0
0.773 0.992 0.992
0.961 0.831 0.89
0.902 0.831 0.961
0.831 0.961 0.902
0.902 0.984 0.808
0.439 0.647 0.98
1.000 0.463 0.463
0.984 0.808 0.902
1.0 0.60 0.58
1.000 0.463 0.463
0.984 0.808 0.902
1.0 0.60 0.58
0.60 0.58 1.0
0.463 1 0.463
1 0.463 1.0
0.773 0.992 0.992
0.961 0.831 0.89
0.902 0.831 0.961
0.831 0.961 0.902
0.902 0.984 0.808
0.439 0.647 0.98
1.000 0.463 0.463
0.984 0.808 0.902
1.0 0.60 0.58
0.60 0.58 1.0
0.463 1 0.463
1 0.463 1.0
0.773 0.992 0.992
0.961 0.831 0.89
0.902 0.831 0.961
0.831 0.961 0.902
0.902 0.984 0.808
0.439 0.647 0.98
1.000 0.463 0.463
0.984 0.808 0.902
1.0 0.60 0.58
1.000 0.463 0.463
0.984 0.808 0.902
1.0 0.60 0.58
0.60 0.58 1.0
0.463 1 0.463
1 0.463 1.0
0.773 0.992 0.992
0.961 0.831 0.89
0.902 0.831 0.961
0.831 0.961 0.902
0.902 0.984 0.808
0.439 0.647 0.98
1.000 0.463 0.463
0.984 0.808 0.902
1.0 0.60 0.58
0.60 0.58 1.0
0.463 1 0.463
1 0.463 1.0
0.773 0.992 0.992
0.961 0.831 0.89
0.902 0.831 0.961
0.831 0.961 0.902
0.902 0.984 0.808
0.439 0.647 0.98
1.000 0.463 0.463
0.984 0.808 0.902
1.0 0.60 0.58
1.000 0.463 0.463
0.984 0.808 0.902
1.0 0.60 0.58
0.60 0.58 1.0
0.463 1 0.463
1 0.463 1.0
0.773 0.992 0.992